epoch,loss_total,objective_total,loss_data,loss_physics,loss_boundary,weight_data,weight_physics,weight_boundary
1.0,9.26055908203125,9.26055908203125,0.4313710033893585,0.0119517482817173,0.49348971247673035,10.0,1.0,10.0
2.0,7.266508102416992,7.266508102416992,0.33123064041137695,0.0035741457249969244,0.39506274461746216,10.0,1.0,10.0
3.0,5.581624984741211,5.581624984741211,0.24823196232318878,0.004839461296796799,0.3094465732574463,10.0,1.0,10.0
4.0,4.185644149780273,4.185644149780273,0.18170660734176636,0.00942210853099823,0.23591558635234833,10.0,1.0,10.0
5.0,3.0684008598327637,3.0684008598327637,0.1311640739440918,0.01295427605509758,0.1743806004524231,10.0,1.0,10.0
6.0,2.2210261821746826,2.2210261821746826,0.09597600251436234,0.013269418850541115,0.1247996836900711,10.0,1.0,10.0
7.0,1.6281590461730957,1.6281590461730957,0.07487184554338455,0.01057356782257557,0.0868867039680481,10.0,1.0,10.0
8.0,1.2534499168395996,1.2534499168395996,0.06510816514492035,0.006827440578490496,0.0595540814101696,10.0,1.0,10.0
9.0,1.034680962562561,1.034680962562561,0.06227633357048035,0.004561163019388914,0.0407356433570385,10.0,1.0,10.0
10.0,0.8988975286483765,0.8988975286483765,0.06141972541809082,0.005326876416802406,0.02793733961880207,10.0,1.0,10.0
11.0,0.787452220916748,0.787452220916748,0.05868767946958542,0.009021087549626827,0.019155431538820267,10.0,1.0,10.0
12.0,0.6723403930664062,0.6723403930664062,0.05234520882368088,0.014606651850044727,0.013428160920739174,10.0,1.0,10.0
13.0,0.5563275218009949,0.5563275218009949,0.04275583103299141,0.021242907270789146,0.010752630420029163,10.0,1.0,10.0
14.0,0.46144285798072815,0.46144285798072815,0.031689781695604324,0.02884138934314251,0.011570367030799389,10.0,1.0,10.0
15.0,0.41299378871917725,0.41299378871917725,0.02140175551176071,0.0378011018037796,0.016117515042424202,10.0,1.0,10.0
16.0,0.42428624629974365,0.42428624629974365,0.013746431097388268,0.04821467399597168,0.02386072650551796,10.0,1.0,10.0
17.0,0.4866313934326172,0.4866313934326172,0.0095133688300848,0.05910462513566017,0.03323930874466896,10.0,1.0,10.0
18.0,0.5701084136962891,0.5701084136962891,0.00821232981979847,0.06835883110761642,0.041962631046772,10.0,1.0,10.0
19.0,0.6370314359664917,0.6370314359664917,0.008495205081999302,0.07364914566278458,0.047843024134635925,10.0,1.0,10.0
20.0,0.6598491668701172,0.6598491668701172,0.008985877968370914,0.07368296384811401,0.049630746245384216,10.0,1.0,10.0
21.0,0.63100665807724,0.63100665807724,0.00892524141818285,0.06875781714916229,0.047299642115831375,10.0,1.0,10.0
22.0,0.5611759424209595,0.5611759424209595,0.008299922570586205,0.060378298163414,0.04177984222769737,10.0,1.0,10.0
23.0,0.47116658091545105,0.47116658091545105,0.007593490649014711,0.050471022725105286,0.03447606414556503,10.0,1.0,10.0
24.0,0.38328468799591064,0.38328468799591064,0.007427462376654148,0.040729351341724396,0.026828071102499962,10.0,1.0,10.0
25.0,0.31487342715263367,0.31487342715263367,0.008258090354502201,0.03228630870580673,0.020000621676445007,10.0,1.0,10.0
26.0,0.27474868297576904,0.27474868297576904,0.010196657851338387,0.025678742676973343,0.014710336923599243,10.0,1.0,10.0
27.0,0.26256152987480164,0.26256152987480164,0.012974923476576805,0.020983155816793442,0.011182913556694984,10.0,1.0,10.0
28.0,0.2708073556423187,0.2708073556423187,0.01604928821325302,0.0180065780878067,0.009230788797140121,10.0,1.0,10.0
29.0,0.2886641323566437,0.2886641323566437,0.01879948005080223,0.016451681032776833,0.008421763777732849,10.0,1.0,10.0
30.0,0.30620238184928894,0.30620238184928894,0.020740164443850517,0.016017451882362366,0.008278327994048595,10.0,1.0,10.0
31.0,0.31734713912010193,0.31734713912010193,0.021657301113009453,0.016434181481599808,0.0084339939057827,10.0,1.0,10.0
32.0,0.3206717371940613,0.3206717371940613,0.02162357233464718,0.017457522451877594,0.008697849698364735,10.0,1.0,10.0
33.0,0.3182317912578583,0.3182317912578583,0.020909922197461128,0.018854042515158653,0.009027852676808834,10.0,1.0,10.0
34.0,0.31343013048171997,0.31343013048171997,0.019850581884384155,0.020400257781147957,0.009452405385673046,10.0,1.0,10.0
35.0,0.30901604890823364,0.30901604890823364,0.018722394481301308,0.02189774625003338,0.009989434853196144,10.0,1.0,10.0
36.0,0.3059566617012024,0.3059566617012024,0.017677675932645798,0.023192476481199265,0.010598740540444851,10.0,1.0,10.0
37.0,0.3034086227416992,0.3034086227416992,0.01674172841012478,0.024184808135032654,0.011180652305483818,10.0,1.0,10.0
38.0,0.299552857875824,0.299552857875824,0.01586066000163555,0.024825280532240868,0.011612099595367908,10.0,1.0,10.0
39.0,0.2927711009979248,0.2927711009979248,0.01496952772140503,0.02510223723948002,0.011797357350587845,10.0,1.0,10.0
40.0,0.28259357810020447,0.28259357810020447,0.014048218727111816,0.025031160563230515,0.011708023026585579,10.0,1.0,10.0
41.0,0.2700399160385132,0.2700399160385132,0.013143355958163738,0.02465168759226799,0.011395467445254326,10.0,1.0,10.0
42.0,0.2572762668132782,0.2572762668132782,0.012351864948868752,0.024030152708292007,0.010972747579216957,10.0,1.0,10.0
43.0,0.24679210782051086,0.24679210782051086,0.01177793089300394,0.02326023206114769,0.010575256310403347,10.0,1.0,10.0
44.0,0.24045252799987793,0.24045252799987793,0.01148377824574709,0.02245457097887993,0.010316017083823681,10.0,1.0,10.0
45.0,0.23881009221076965,0.23881009221076965,0.01145611796528101,0.021726028993725777,0.010252287611365318,10.0,1.0,10.0
46.0,0.24094456434249878,0.24094456434249878,0.011603187769651413,0.021164387464523315,0.010374830104410648,10.0,1.0,10.0
47.0,0.2448885440826416,0.2448885440826416,0.011784715577960014,0.020818738266825676,0.010622264817357063,10.0,1.0,10.0
48.0,0.2484404742717743,0.2484404742717743,0.01186239905655384,0.02069324254989624,0.010912325233221054,10.0,1.0,10.0
49.0,0.24999092519283295,0.24999092519283295,0.01174873299896717,0.020756056532263756,0.011174755170941353,10.0,1.0,10.0
50.0,0.24899744987487793,0.24899744987487793,0.011433115229010582,0.020953748375177383,0.011371253989636898,10.0,1.0,10.0
51.0,0.24594290554523468,0.24594290554523468,0.010976150631904602,0.02122299000620842,0.011495840735733509,10.0,1.0,10.0
52.0,0.24188198149204254,0.24188198149204254,0.010478741489350796,0.02149670571088791,0.011559786275029182,10.0,1.0,10.0
53.0,0.23785611987113953,0.23785611987113953,0.010042635723948479,0.021707871928811073,0.011572189629077911,10.0,1.0,10.0
54.0,0.234470397233963,0.234470397233963,0.00973999872803688,0.021795183420181274,0.011527521535754204,10.0,1.0,10.0
55.0,0.23178601264953613,0.23178601264953613,0.009601588360965252,0.02171175554394722,0.011405836790800095,10.0,1.0,10.0
56.0,0.22950497269630432,0.22950497269630432,0.009623158723115921,0.021434059366583824,0.011183932423591614,10.0,1.0,10.0
57.0,0.22728382050991058,0.22728382050991058,0.00978139415383339,0.02096705511212349,0.01085028238594532,10.0,1.0,10.0
58.0,0.22498628497123718,0.22498628497123718,0.010048802942037582,0.020343130454421043,0.010415513068437576,10.0,1.0,10.0
59.0,0.22275333106517792,0.22275333106517792,0.010400425642728806,0.01961529068648815,0.009913378395140171,10.0,1.0,10.0
60.0,0.2208852618932724,0.2208852618932724,0.010811449028551579,0.0188472680747509,0.009392350912094116,10.0,1.0,10.0
61.0,0.21963047981262207,0.21963047981262207,0.011250372976064682,0.018103431910276413,0.008902331814169884,10.0,1.0,10.0
62.0,0.21900857985019684,0.21900857985019684,0.011674271896481514,0.017440639436244965,0.008482523262500763,10.0,1.0,10.0
63.0,0.21876655519008636,0.21876655519008636,0.012031106278300285,0.016902977600693703,0.008155250921845436,10.0,1.0,10.0
64.0,0.21848367154598236,0.21848367154598236,0.01226956769824028,0.016519205644726753,0.00792687851935625,10.0,1.0,10.0
65.0,0.2177637219429016,0.2177637219429016,0.012352507561445236,0.016302328556776047,0.007793631870299578,10.0,1.0,10.0
66.0,0.21640890836715698,0.21640890836715698,0.012267849408090115,0.01625039428472519,0.00774800218641758,10.0,1.0,10.0
67.0,0.21448887884616852,0.21448887884616852,0.012032005935907364,0.01634782925248146,0.007782098837196827,10.0,1.0,10.0
68.0,0.2122792899608612,0.2122792899608612,0.011684466153383255,0.01656709797680378,0.007886752486228943,10.0,1.0,10.0
69.0,0.2101130485534668,0.2101130485534668,0.011276197619736195,0.016870811581611633,0.008048025891184807,10.0,1.0,10.0
70.0,0.2082298994064331,0.2082298994064331,0.010857123881578445,0.017214898020029068,0.008244375698268414,10.0,1.0,10.0
71.0,0.20669594407081604,0.20669594407081604,0.010467070154845715,0.017553113400936127,0.008447212167084217,10.0,1.0,10.0
72.0,0.20542164146900177,0.20542164146900177,0.010132437571883202,0.01784270815551281,0.00862545520067215,10.0,1.0,10.0
73.0,0.2042507529258728,0.2042507529258728,0.009867595508694649,0.018050335347652435,0.008752447552978992,10.0,1.0,10.0
74.0,0.20305991172790527,0.20305991172790527,0.009678136557340622,0.018156886100769043,0.00881216675043106,10.0,1.0,10.0
75.0,0.20181256532669067,0.20181256532669067,0.009563213214278221,0.018159788101911545,0.008802063763141632,10.0,1.0,10.0
76.0,0.20054832100868225,0.20054832100868225,0.009515954181551933,0.01807209849357605,0.008731666952371597,10.0,1.0,10.0
77.0,0.19932565093040466,0.19932565093040466,0.009522746317088604,0.017918596044182777,0.00861795898526907,10.0,1.0,10.0
78.0,0.1981636881828308,0.1981636881828308,0.009563516825437546,0.01772998459637165,0.008479854092001915,10.0,1.0,10.0
79.0,0.19702142477035522,0.19702142477035522,0.009614475071430206,0.017536772415041924,0.008333990350365639,10.0,1.0,10.0
80.0,0.19582366943359375,0.19582366943359375,0.00965313334017992,0.017364172264933586,0.008192815817892551,10.0,1.0,10.0
81.0,0.1945127695798874,0.1945127695798874,0.009663834236562252,0.017228731885552406,0.008064569905400276,10.0,1.0,10.0
82.0,0.19308876991271973,0.19308876991271973,0.009641285054385662,0.017136862501502037,0.007953906431794167,10.0,1.0,10.0
83.0,0.1916130781173706,0.1916130781173706,0.00959060713648796,0.017085077241063118,0.007862193509936333,10.0,1.0,10.0
84.0,0.19017332792282104,0.19017332792282104,0.009523903019726276,0.017061693593859673,0.0077872611582279205,10.0,1.0,10.0
85.0,0.18883605301380157,0.18883605301380157,0.009455308318138123,0.0170497577637434,0.0077233207412064075,10.0,1.0,10.0
86.0,0.18761469423770905,0.18761469423770905,0.009396504610776901,0.017030812799930573,0.007661883719265461,10.0,1.0,10.0
87.0,0.18647123873233795,0.18647123873233795,0.009354318492114544,0.016988812014460564,0.007593924179673195,10.0,1.0,10.0
88.0,0.18534472584724426,0.18534472584724426,0.009330439381301403,0.01691339910030365,0.0075126937590539455,10.0,1.0,10.0
89.0,0.18418748676776886,0.18418748676776886,0.009322484955191612,0.016801875084638596,0.007416075561195612,10.0,1.0,10.0
90.0,0.18298491835594177,0.18298491835594177,0.00932516809552908,0.016659405082464218,0.007307383231818676,10.0,1.0,10.0
91.0,0.1817525327205658,0.1817525327205658,0.009331146255135536,0.016497572883963585,0.007194350473582745,10.0,1.0,10.0
92.0,0.18051519989967346,0.18051519989967346,0.009331557899713516,0.01633167453110218,0.0070867943577468395,10.0,1.0,10.0
93.0,0.17928780615329742,0.17928780615329742,0.009317032061517239,0.016177525743842125,0.006993995979428291,10.0,1.0,10.0
94.0,0.1780678629875183,0.1780678629875183,0.009279284626245499,0.016048356890678406,0.006922666449099779,10.0,1.0,10.0
95.0,0.1768445372581482,0.1768445372581482,0.009213276207447052,0.015952447429299355,0.006875933147966862,10.0,1.0,10.0
96.0,0.1756124645471573,0.1756124645471573,0.009118909016251564,0.015891805291175842,0.00685315765440464,10.0,1.0,10.0
97.0,0.17437967658042908,0.17437967658042908,0.009001505561172962,0.015862006694078445,0.006850262172520161,10.0,1.0,10.0
98.0,0.17316356301307678,0.17316356301307678,0.008870751596987247,0.01585318148136139,0.006860286928713322,10.0,1.0,10.0
99.0,0.17197835445404053,0.17197835445404053,0.008738446980714798,0.015851911157369614,0.006874196697026491,10.0,1.0,10.0
100.0,0.1708245575428009,0.1708245575428009,0.008615933358669281,0.01584380678832531,0.006882140878587961,10.0,1.0,10.0
101.0,0.16968849301338196,0.16968849301338196,0.00851207785308361,0.015816286206245422,0.006875141523778439,10.0,1.0,10.0
102.0,0.16855084896087646,0.16855084896087646,0.008432112634181976,0.015760943293571472,0.006846878677606583,10.0,1.0,10.0
103.0,0.1673990786075592,0.1673990786075592,0.008377396501600742,0.01567508466541767,0.006795003078877926,10.0,1.0,10.0
104.0,0.16623347997665405,0.16623347997665405,0.008345670998096466,0.015561952255666256,0.0067214821465313435,10.0,1.0,10.0
105.0,0.16506439447402954,0.16506439447402954,0.008331646211445332,0.015429648570716381,0.006631829775869846,10.0,1.0,10.0
106.0,0.16390368342399597,0.16390368342399597,0.008327899500727654,0.015289129689335823,0.006533555220812559,10.0,1.0,10.0
107.0,0.16275742650032043,0.16275742650032043,0.008326168172061443,0.01515176985412836,0.0064343963749706745,10.0,1.0,10.0
108.0,0.16162395477294922,0.16162395477294922,0.008318853564560413,0.01502709649503231,0.006340831983834505,10.0,1.0,10.0
109.0,0.16049861907958984,0.16049861907958984,0.00830053724348545,0.014921185560524464,0.00625720527023077,10.0,1.0,10.0
110.0,0.15937867760658264,0.15937867760658264,0.008268877863883972,0.014835920184850693,0.0061853970400989056,10.0,1.0,10.0
111.0,0.15826542675495148,0.15826542675495148,0.00822467915713787,0.014769162982702255,0.006124946288764477,10.0,1.0,10.0
112.0,0.15716207027435303,0.15716207027435303,0.008171148598194122,0.014715682715177536,0.006073489785194397,10.0,1.0,10.0
113.0,0.15606936812400818,0.15606936812400818,0.008112587034702301,0.014668636955320835,0.006027486640959978,10.0,1.0,10.0
114.0,0.15498465299606323,0.15498465299606323,0.008053204044699669,0.014621227979660034,0.005983137991279364,10.0,1.0,10.0
115.0,0.15390311181545258,0.15390311181545258,0.007996141910552979,0.01456821896135807,0.005937347654253244,10.0,1.0,10.0
116.0,0.15282215178012848,0.15282215178012848,0.007943065837025642,0.014506952837109566,0.005888455081731081,10.0,1.0,10.0
117.0,0.15174297988414764,0.15174297988414764,0.00789405032992363,0.014437646605074406,0.005836483556777239,10.0,1.0,10.0
118.0,0.15067020058631897,0.15067020058631897,0.007847858592867851,0.014362980611622334,0.00578286312520504,10.0,1.0,10.0
119.0,0.14960797131061554,0.14960797131061554,0.007802359759807587,0.014287065714597702,0.00572973070666194,10.0,1.0,10.0
120.0,0.14855772256851196,0.14855772256851196,0.007755226921290159,0.014214172028005123,0.0056791286915540695,10.0,1.0,10.0
121.0,0.1475178599357605,0.1475178599357605,0.007704702205955982,0.014147516340017319,0.005632332060486078,10.0,1.0,10.0
122.0,0.14648577570915222,0.14648577570915222,0.007650225888937712,0.014088420197367668,0.005589510314166546,10.0,1.0,10.0
123.0,0.14546018838882446,0.14546018838882446,0.007592733483761549,0.014036011882126331,0.0055496832355856895,10.0,1.0,10.0
124.0,0.14444153010845184,0.14444153010845184,0.00753443781286478,0.01398750115185976,0.005510964896529913,10.0,1.0,10.0
125.0,0.14343076944351196,0.14343076944351196,0.007478183601051569,0.013938949443399906,0.005470999516546726,10.0,1.0,10.0
126.0,0.1424284726381302,0.1424284726381302,0.007426680065691471,0.013886298052966595,0.005427537951618433,10.0,1.0,10.0
127.0,0.14143389463424683,0.14143389463424683,0.0073817577213048935,0.013826403766870499,0.0053789918310940266,10.0,1.0,10.0
128.0,0.14044655859470367,0.14044655859470367,0.007343973033130169,0.013757826760411263,0.005324899684637785,10.0,1.0,10.0
129.0,0.13946667313575745,0.13946667313575745,0.007312488742172718,0.013681119307875633,0.005266066640615463,10.0,1.0,10.0
130.0,0.13849550485610962,0.13849550485610962,0.007285302504897118,0.013598623685538769,0.005204386077821255,10.0,1.0,10.0
131.0,0.13753432035446167,0.13753432035446167,0.007259690668433905,0.013513781130313873,0.005142363253980875,10.0,1.0,10.0
132.0,0.13658319413661957,0.13658319413661957,0.007232804782688618,0.01343021634966135,0.005082493182271719,10.0,1.0,10.0
133.0,0.13564127683639526,0.13564127683639526,0.007202306296676397,0.013350866734981537,0.00502673489972949,10.0,1.0,10.0
134.0,0.1347074806690216,0.1347074806690216,0.007166882045567036,0.013277320191264153,0.0049761333502829075,10.0,1.0,10.0
135.0,0.13378125429153442,0.13378125429153442,0.007126454263925552,0.013209576718509197,0.00493071461096406,10.0,1.0,10.0
136.0,0.13286301493644714,0.13286301493644714,0.007082095369696617,0.013146201148629189,0.004889586474746466,10.0,1.0,10.0
137.0,0.13195350766181946,0.13195350766181946,0.007035624235868454,0.01308484561741352,0.0048512425273656845,10.0,1.0,10.0
138.0,0.13105298578739166,0.13105298578739166,0.006989054847508669,0.01302296295762062,0.004813946783542633,10.0,1.0,10.0
139.0,0.13016143441200256,0.13016143441200256,0.006944113411009312,0.012958496809005737,0.004776179790496826,10.0,1.0,10.0
140.0,0.12927848100662231,0.12927848100662231,0.0069018639624118805,0.012890396639704704,0.004736944101750851,10.0,1.0,10.0
141.0,0.12840425968170166,0.12840425968170166,0.0068626124411821365,0.012818805873394012,0.0046959323808550835,10.0,1.0,10.0
142.0,0.12753906846046448,0.12753906846046448,0.006825962569564581,0.012744882144033909,0.004653455223888159,10.0,1.0,10.0
143.0,0.12668292224407196,0.12668292224407196,0.006791053805500269,0.01267036609351635,0.004610201809555292,10.0,1.0,10.0
144.0,0.12583547830581665,0.12583547830581665,0.006756913848221302,0.01259698998183012,0.004566935822367668,10.0,1.0,10.0
145.0,0.12499654293060303,0.12499654293060303,0.0067228106781840324,0.012525977566838264,0.0045242453925311565,10.0,1.0,10.0
146.0,0.12416567653417587,0.12416567653417587,0.006688431836664677,0.012457718141376972,0.0044823638163506985,10.0,1.0,10.0
147.0,0.1233430877327919,0.1233430877327919,0.006653953343629837,0.012391749769449234,0.004441180266439915,10.0,1.0,10.0
148.0,0.12252895534038544,0.12252895534038544,0.006619879975914955,0.01232697069644928,0.004400318954139948,10.0,1.0,10.0
149.0,0.12172350287437439,0.12172350287437439,0.006586791481822729,0.012262063100934029,0.0043593524023890495,10.0,1.0,10.0
150.0,0.12092629075050354,0.12092629075050354,0.0065550655126571655,0.01219591312110424,0.004317971877753735,10.0,1.0,10.0
151.0,0.12013726681470871,0.12013726681470871,0.0065247477032244205,0.012127981521189213,0.0042761811055243015,10.0,1.0,10.0
152.0,0.11935600638389587,0.11935600638389587,0.0064954599365592,0.01205840427428484,0.004234299995005131,10.0,1.0,10.0
153.0,0.11858248710632324,0.11858248710632324,0.0064665451645851135,0.011987913399934769,0.004192912485450506,10.0,1.0,10.0
154.0,0.11781658232212067,0.11781658232212067,0.006437238305807114,0.011917531490325928,0.00415266677737236,10.0,1.0,10.0
155.0,0.11705808341503143,0.11705808341503143,0.006406902801245451,0.011848215013742447,0.0041140844114124775,10.0,1.0,10.0
156.0,0.11630676686763763,0.11630676686763763,0.0063752406276762486,0.0117805115878582,0.004077385179698467,10.0,1.0,10.0
157.0,0.11556246131658554,0.11556246131658554,0.006342378444969654,0.011714399792253971,0.004042427986860275,10.0,1.0,10.0
158.0,0.1148250624537468,0.1148250624537468,0.0063088396564126015,0.011649294756352901,0.00400873739272356,10.0,1.0,10.0
159.0,0.11409446597099304,0.11409446597099304,0.006275368854403496,0.011584262363612652,0.003975651226937771,10.0,1.0,10.0
160.0,0.11337052285671234,0.11337052285671234,0.006242732517421246,0.011518311686813831,0.003942487761378288,10.0,1.0,10.0
161.0,0.11265285313129425,0.11265285313129425,0.006211484782397747,0.011450693942606449,0.003908731043338776,10.0,1.0,10.0
162.0,0.11194116622209549,0.11194116622209549,0.006181851029396057,0.011381132528185844,0.0038741519674658775,10.0,1.0,10.0
163.0,0.11123520135879517,0.11123520135879517,0.006153699941933155,0.011309831403195858,0.003838837146759033,10.0,1.0,10.0
164.0,0.11053475737571716,0.11053475737571716,0.006126618478447199,0.011237382888793945,0.0038031190633773804,10.0,1.0,10.0
165.0,0.10983964055776596,0.10983964055776596,0.006100069731473923,0.011164507828652859,0.0037674433551728725,10.0,1.0,10.0
166.0,0.10914961993694305,0.10914961993694305,0.0060735479928553104,0.011091819033026695,0.0037322319112718105,10.0,1.0,10.0
167.0,0.10846435278654099,0.10846435278654099,0.006046725437045097,0.011019607074558735,0.003697749227285385,10.0,1.0,10.0
168.0,0.10778354108333588,0.10778354108333588,0.00601948844268918,0.01094780769199133,0.003664085641503334,10.0,1.0,10.0
169.0,0.107107013463974,0.107107013463974,0.005991943646222353,0.010876046493649483,0.003631152678281069,10.0,1.0,10.0
170.0,0.1064344272017479,0.1064344272017479,0.005964290350675583,0.010803819634020329,0.0035987705923616886,10.0,1.0,10.0
171.0,0.1057654321193695,0.1057654321193695,0.005936720874160528,0.010730702430009842,0.0035667524207383394,10.0,1.0,10.0
172.0,0.10509974509477615,0.10509974509477615,0.005909350700676441,0.010656492784619331,0.0035349747631698847,10.0,1.0,10.0
173.0,0.1044369712471962,0.1044369712471962,0.005882152356207371,0.01058127824217081,0.0035034173633903265,10.0,1.0,10.0
174.0,0.10377706587314606,0.10377706587314606,0.005855032242834568,0.010505370795726776,0.00347213726490736,10.0,1.0,10.0
175.0,0.10311948508024216,0.10311948508024216,0.0058278245851397514,0.010429173707962036,0.0034412064123898745,10.0,1.0,10.0
176.0,0.10246413946151733,0.10246413946151733,0.0058004483580589294,0.01035301759839058,0.0034106639213860035,10.0,1.0,10.0
177.0,0.10181057453155518,0.10181057453155518,0.005772890988737345,0.010277043096721172,0.003380462061613798,10.0,1.0,10.0
178.0,0.10115854442119598,0.10115854442119598,0.005745271220803261,0.010201158933341503,0.0033504676539450884,10.0,1.0,10.0
179.0,0.10050778090953827,0.10050778090953827,0.0057177674025297165,0.01012509223073721,0.0033205016516149044,10.0,1.0,10.0
180.0,0.09985798597335815,0.09985798597335815,0.0056905597448349,0.010048501193523407,0.003290388500317931,10.0,1.0,10.0
181.0,0.09920886904001236,0.09920886904001236,0.005663747899234295,0.009971121326088905,0.0032600269187241793,10.0,1.0,10.0
182.0,0.09856002032756805,0.09856002032756805,0.005637297406792641,0.00989284086972475,0.003229420864954591,10.0,1.0,10.0
183.0,0.09791131317615509,0.09791131317615509,0.005611073225736618,0.009813749231398106,0.0031986834947019815,10.0,1.0,10.0
184.0,0.0972624272108078,0.0972624272108078,0.005584842525422573,0.009734068997204304,0.003167992690578103,10.0,1.0,10.0
185.0,0.09661303460597992,0.09661303460597992,0.0055583626963198185,0.009654060937464237,0.0031375351827591658,10.0,1.0,10.0
186.0,0.09596294164657593,0.09596294164657593,0.005531465634703636,0.009573905728757381,0.0031074380967766047,10.0,1.0,10.0
187.0,0.09531185030937195,0.09531185030937195,0.0055040717124938965,0.009493652731180191,0.003077748464420438,10.0,1.0,10.0
188.0,0.09465956687927246,0.09465956687927246,0.005476233083754778,0.00941319391131401,0.0030484041199088097,10.0,1.0,10.0
189.0,0.0940057784318924,0.0940057784318924,0.005448063835501671,0.00933232344686985,0.0030192811973392963,10.0,1.0,10.0
190.0,0.0933503806591034,0.0933503806591034,0.005419723689556122,0.009250826202332973,0.0029902313835918903,10.0,1.0,10.0
191.0,0.09269297122955322,0.09269297122955322,0.005391315557062626,0.009168563410639763,0.00296112522482872,10.0,1.0,10.0
192.0,0.0920334905385971,0.0920334905385971,0.005362902767956257,0.009085520170629025,0.0029318942688405514,10.0,1.0,10.0
193.0,0.09137175977230072,0.09137175977230072,0.005334463901817799,0.00900179985910654,0.0029025322292000055,10.0,1.0,10.0
194.0,0.09070751816034317,0.09070751816034317,0.0053059253841638565,0.008917581290006638,0.0028730682097375393,10.0,1.0,10.0
195.0,0.0900406688451767,0.0900406688451767,0.005277207121253014,0.008833031170070171,0.002843556459993124,10.0,1.0,10.0
196.0,0.08937101811170578,0.08937101811170578,0.00524824857711792,0.008748246356844902,0.0028140281792730093,10.0,1.0,10.0
197.0,0.08869843930006027,0.08869843930006027,0.005219031125307083,0.008663229644298553,0.002784489654004574,10.0,1.0,10.0
198.0,0.08802288770675659,0.08802288770675659,0.005189569666981697,0.008577908389270306,0.0027549283113330603,10.0,1.0,10.0
199.0,0.08734408020973206,0.08734408020973206,0.005159875378012657,0.00849218014627695,0.002725314348936081,10.0,1.0,10.0
200.0,0.08666214346885681,0.08666214346885681,0.005129974335432053,0.008405975997447968,0.002695642178878188,10.0,1.0,10.0
201.0,0.08597680181264877,0.08597680181264877,0.00509983766824007,0.00831929873675108,0.0026659129653126,10.0,1.0,10.0
202.0,0.08528810739517212,0.08528810739517212,0.005069423001259565,0.008232232183218002,0.0026361639611423016,10.0,1.0,10.0
203.0,0.08459602296352386,0.08459602296352386,0.005038675386458635,0.00814491230994463,0.0026064354460686445,10.0,1.0,10.0
204.0,0.08390046656131744,0.08390046656131744,0.005007545463740826,0.008057475090026855,0.002576753031462431,10.0,1.0,10.0
205.0,0.08320144563913345,0.08320144563913345,0.004976028110831976,0.007970014587044716,0.0025471148546785116,10.0,1.0,10.0
206.0,0.08249888569116592,0.08249888569116592,0.004944142419844866,0.007882555946707726,0.0025174906477332115,10.0,1.0,10.0
207.0,0.08179301768541336,0.08179301768541336,0.004911972209811211,0.007795064244419336,0.002487823134288192,10.0,1.0,10.0
208.0,0.08108365535736084,0.08108365535736084,0.004879569634795189,0.00770748034119606,0.0024580475874245167,10.0,1.0,10.0
209.0,0.08037097007036209,0.08037097007036209,0.004846991505473852,0.007619770243763924,0.002428128384053707,10.0,1.0,10.0
210.0,0.07965496927499771,0.07965496927499771,0.004814255051314831,0.007531940005719662,0.0023980475962162018,10.0,1.0,10.0
211.0,0.07893575727939606,0.07893575727939606,0.004781334660947323,0.007444058544933796,0.0023678347934037447,10.0,1.0,10.0
212.0,0.0782133936882019,0.0782133936882019,0.004748177714645863,0.007356229703873396,0.002337539102882147,10.0,1.0,10.0
213.0,0.07748803496360779,0.07748803496360779,0.0047147395089268684,0.007268558721989393,0.0023072087205946445,10.0,1.0,10.0
214.0,0.07675977796316147,0.07675977796316147,0.004680981393903494,0.007181120105087757,0.0022768843919038773,10.0,1.0,10.0
215.0,0.07602876424789429,0.07602876424789429,0.004646895453333855,0.0070939441211521626,0.002246586373075843,10.0,1.0,10.0
216.0,0.07529512792825699,0.07529512792825699,0.0046125054359436035,0.007007020991295576,0.0022163051180541515,10.0,1.0,10.0
217.0,0.07455900311470032,0.07455900311470032,0.004577843938022852,0.006920330226421356,0.002186023397371173,10.0,1.0,10.0
218.0,0.0738205760717392,0.0738205760717392,0.004542950075119734,0.006833863444626331,0.0021557214204221964,10.0,1.0,10.0
219.0,0.07308007776737213,0.07308007776737213,0.004507852718234062,0.006747651845216751,0.002125389641150832,10.0,1.0,10.0
220.0,0.07233762741088867,0.07233762741088867,0.004472553730010986,0.006661764811724424,0.002095032949000597,10.0,1.0,10.0
221.0,0.07159343361854553,0.07159343361854553,0.004437050316482782,0.00657629081979394,0.002064663916826248,10.0,1.0,10.0
222.0,0.07084770500659943,0.07084770500659943,0.004401342943310738,0.0064913141541182995,0.0020342962816357613,10.0,1.0,10.0
223.0,0.07010073959827423,0.07010073959827423,0.004365441855043173,0.0064068990759551525,0.002003941684961319,10.0,1.0,10.0
224.0,0.06935261934995651,0.06935261934995651,0.004329358227550983,0.00632307305932045,0.0019735966343432665,10.0,1.0,10.0
225.0,0.06860370934009552,0.06860370934009552,0.004293123260140419,0.00623984495177865,0.0019432627595961094,10.0,1.0,10.0
226.0,0.0678541511297226,0.0678541511297226,0.004256753250956535,0.006157220341265202,0.0019129402935504913,10.0,1.0,10.0
227.0,0.06710419058799744,0.06710419058799744,0.004220261238515377,0.006075219251215458,0.0018826359882950783,10.0,1.0,10.0
228.0,0.06635414808988571,0.06635414808988571,0.004183654673397541,0.005993892438709736,0.0018523710314184427,10.0,1.0,10.0
229.0,0.06560423970222473,0.06560423970222473,0.004146920051425695,0.0059133111499249935,0.0018221726641058922,10.0,1.0,10.0
230.0,0.0648546814918518,0.0648546814918518,0.004110044799745083,0.0058335550129413605,0.0017920677782967687,10.0,1.0,10.0
231.0,0.0641058087348938,0.0641058087348938,0.004073037765920162,0.005754689686000347,0.0017620741855353117,10.0,1.0,10.0
232.0,0.06335783749818802,0.06335783749818802,0.004035908728837967,0.005676759406924248,0.001732198754325509,10.0,1.0,10.0
233.0,0.06261102110147476,0.06261102110147476,0.003998691216111183,0.00559978187084198,0.0017024327535182238,10.0,1.0,10.0
234.0,0.0618656724691391,0.0618656724691391,0.003961418755352497,0.005523767322301865,0.0016727721085771918,10.0,1.0,10.0
235.0,0.06112204119563103,0.06112204119563103,0.003924121148884296,0.0054487320594489574,0.0016432099509984255,10.0,1.0,10.0
236.0,0.060380443930625916,0.060380443930625916,0.0038868228439241648,0.005374707281589508,0.0016137504717335105,10.0,1.0,10.0
237.0,0.05964105576276779,0.05964105576276779,0.0038495217449963093,0.005301743280142546,0.0015844093868508935,10.0,1.0,10.0
238.0,0.058904215693473816,0.058904215693473816,0.0038122183177620173,0.005229901522397995,0.0015552127733826637,10.0,1.0,10.0
239.0,0.05817025154829025,0.05817025154829025,0.0037749181501567364,0.0051592374220490456,0.0015261832159012556,10.0,1.0,10.0
240.0,0.05743943154811859,0.05743943154811859,0.003737621009349823,0.005089795216917992,0.0014973424840718508,10.0,1.0,10.0
241.0,0.05671193078160286,0.05671193078160286,0.003700335044413805,0.005021595861762762,0.0014686986105516553,10.0,1.0,10.0
242.0,0.05598817765712738,0.05598817765712738,0.003663090756163001,0.004954653792083263,0.00144026183988899,10.0,1.0,10.0
243.0,0.055268339812755585,0.055268339812755585,0.0036258972249925137,0.0048889839090406895,0.0014120382256805897,10.0,1.0,10.0
244.0,0.05455275997519493,0.05455275997519493,0.003588781226426363,0.004824608564376831,0.0013840340543538332,10.0,1.0,10.0
245.0,0.05384174734354019,0.05384174734354019,0.0035517532378435135,0.004761566407978535,0.0013562649255618453,10.0,1.0,10.0
246.0,0.053135499358177185,0.053135499358177185,0.0035148169845342636,0.004699902143329382,0.0013287430629134178,10.0,1.0,10.0
247.0,0.052434392273426056,0.052434392273426056,0.00347798690199852,0.004639664199203253,0.0013014861615374684,10.0,1.0,10.0
248.0,0.0517386868596077,0.0517386868596077,0.0034412741661071777,0.004580888897180557,0.0012745053973048925,10.0,1.0,10.0
249.0,0.05104861781001091,0.05104861781001091,0.0034046913497149944,0.004523598589003086,0.0012478105491027236,10.0,1.0,10.0
250.0,0.05036450922489166,0.05036450922489166,0.0033682635985314846,0.004467804916203022,0.0012214068556204438,10.0,1.0,10.0
251.0,0.04968665540218353,0.04968665540218353,0.0033320090733468533,0.00441352091729641,0.0011953043285757303,10.0,1.0,10.0
252.0,0.04901527613401413,0.04901527613401413,0.0032959370873868465,0.004360765218734741,0.001169513794593513,10.0,1.0,10.0
253.0,0.048350751399993896,0.048350751399993896,0.003260065335780382,0.0043095676228404045,0.0011440531816333532,10.0,1.0,10.0
254.0,0.04769324138760567,0.04769324138760567,0.0032243875321000814,0.004259968176484108,0.0011189397191628814,10.0,1.0,10.0
255.0,0.0470430962741375,0.0470430962741375,0.0031889190431684256,0.0042119999416172504,0.0010941907530650496,10.0,1.0,10.0
256.0,0.04640055447816849,0.04640055447816849,0.003153666388243437,0.004165687598288059,0.001069820486009121,10.0,1.0,10.0
257.0,0.04576590284705162,0.04576590284705162,0.0031186495907604694,0.00412104744464159,0.0010458360193297267,10.0,1.0,10.0
258.0,0.045139338821172714,0.045139338821172714,0.0030838847160339355,0.004078082740306854,0.0010222409619018435,10.0,1.0,10.0
259.0,0.04452120512723923,0.04452120512723923,0.0030493983067572117,0.004036803264170885,0.0009990420658141375,10.0,1.0,10.0
260.0,0.043911632150411606,0.043911632150411606,0.0030151945538818836,0.003997219260782003,0.0009762468980625272,10.0,1.0,10.0
261.0,0.0433109775185585,0.0433109775185585,0.0029812981374561787,0.003959348890930414,0.0009538645972497761,10.0,1.0,10.0
262.0,0.042719390243291855,0.042719390243291855,0.002947707660496235,0.003923213575035334,0.0009319099481217563,10.0,1.0,10.0
263.0,0.04213714599609375,0.04213714599609375,0.0029144384898245335,0.003888828679919243,0.0009103929623961449,10.0,1.0,10.0
264.0,0.04156435653567314,0.04156435653567314,0.00288149225525558,0.0038562030531466007,0.0008893228368833661,10.0,1.0,10.0
265.0,0.04100129008293152,0.04100129008293152,0.0028488878160715103,0.0038253371603786945,0.0008687073132023215,10.0,1.0,10.0
266.0,0.04044819995760918,0.04044819995760918,0.0028166475240141153,0.003796225879341364,0.0008485499420203269,10.0,1.0,10.0
267.0,0.03990516439080238,0.03990516439080238,0.002784774173051119,0.003768862457945943,0.000828856136649847,10.0,1.0,10.0
268.0,0.03937240689992905,0.03937240689992905,0.0027532861568033695,0.00374324107542634,0.0008096304372884333,10.0,1.0,10.0
269.0,0.03885001689195633,0.03885001689195633,0.002722189761698246,0.0037193610332906246,0.0007908758707344532,10.0,1.0,10.0
270.0,0.03833813965320587,0.03833813965320587,0.002691490575671196,0.003697223961353302,0.000772600993514061,10.0,1.0,10.0
271.0,0.037836991250514984,0.037836991250514984,0.0026612086221575737,0.0036768224090337753,0.0007548080757260323,10.0,1.0,10.0
272.0,0.03734659031033516,0.03734659031033516,0.0026313471607863903,0.0036581417080014944,0.0007374974666163325,10.0,1.0,10.0
273.0,0.03686705604195595,0.03686705604195595,0.0026019196957349777,0.003641159273684025,0.0007206701557151973,10.0,1.0,10.0
274.0,0.03639844432473183,0.03639844432473183,0.002572936937212944,0.0036258473992347717,0.0007043227669782937,10.0,1.0,10.0
275.0,0.035940855741500854,0.035940855741500854,0.0025444114580750465,0.0036121797747910023,0.0006884562317281961,10.0,1.0,10.0
276.0,0.03549429774284363,0.03549429774284363,0.0025163476821035147,0.0036001307889819145,0.000673069036565721,10.0,1.0,10.0
277.0,0.03505885228514671,0.03505885228514671,0.002488754689693451,0.0035896743647754192,0.0006581629277206957,10.0,1.0,10.0
278.0,0.03463449701666832,0.03463449701666832,0.002461634809151292,0.0035807837266474962,0.0006437364500015974,10.0,1.0,10.0
279.0,0.03422124683856964,0.03422124683856964,0.0024349954910576344,0.003573423018679023,0.0006297867512330413,10.0,1.0,10.0
280.0,0.033819034695625305,0.033819034695625305,0.0024088392965495586,0.003567548468708992,0.000616309349425137,10.0,1.0,10.0
281.0,0.0334278829395771,0.0334278829395771,0.0023831792641431093,0.003563112812116742,0.0006032977835275233,10.0,1.0,10.0
282.0,0.033047761768102646,0.033047761768102646,0.0023580240085721016,0.0035600662231445312,0.0005907454760745168,10.0,1.0,10.0
283.0,0.03267856314778328,0.03267856314778328,0.0023333746939897537,0.003558357013389468,0.000578646024223417,10.0,1.0,10.0
284.0,0.03232022002339363,0.03232022002339363,0.0023092341143637896,0.003557937452569604,0.0005669943639077246,10.0,1.0,10.0
285.0,0.03197266906499863,0.03197266906499863,0.002285605762153864,0.0035587577149271965,0.0005557853728532791,10.0,1.0,10.0
286.0,0.03163576498627663,0.03163576498627663,0.0022624896373599768,0.0035607581958174706,0.0005450109601952136,10.0,1.0,10.0
287.0,0.03130942955613136,0.03130942955613136,0.002239889232441783,0.0035638834815472364,0.0005346655379980803,10.0,1.0,10.0
288.0,0.0309935100376606,0.0309935100376606,0.0022178059443831444,0.0035680646542459726,0.0005247386288829148,10.0,1.0,10.0
289.0,0.0306878499686718,0.0306878499686718,0.0021962386090308428,0.0035732388496398926,0.0005152226658537984,10.0,1.0,10.0
290.0,0.030392315238714218,0.030392315238714218,0.0021751918829977512,0.003579335752874613,0.000506106298416853,10.0,1.0,10.0
291.0,0.030106719583272934,0.030106719583272934,0.0021546613425016403,0.003586292266845703,0.0004973814939148724,10.0,1.0,10.0
292.0,0.0298309288918972,0.0298309288918972,0.0021346481516957283,0.003594044130295515,0.0004890403943136334,10.0,1.0,10.0
293.0,0.029564710333943367,0.029564710333943367,0.0021151455584913492,0.0036025247536599636,0.00048107304610311985,10.0,1.0,10.0
294.0,0.029307935386896133,0.029307935386896133,0.002096158219501376,0.0036116652190685272,0.0004734688554890454,10.0,1.0,10.0
295.0,0.029060345143079758,0.029060345143079758,0.0020776763558387756,0.003621396142989397,0.0004662186256609857,10.0,1.0,10.0
296.0,0.02882169745862484,0.02882169745862484,0.002059696475043893,0.0036316425539553165,0.00045930908527225256,10.0,1.0,10.0
297.0,0.02859184518456459,0.02859184518456459,0.0020422213710844517,0.0036423339042812586,0.00045272987335920334,10.0,1.0,10.0
298.0,0.028370555490255356,0.028370555490255356,0.0020252419635653496,0.003653409890830517,0.00044647263712249696,10.0,1.0,10.0
299.0,0.028157589957118034,0.028157589957118034,0.002008754061535001,0.0036648001987487078,0.0004405248328112066,10.0,1.0,10.0
300.0,0.027952726930379868,0.027952726930379868,0.0019927506800740957,0.003676442662253976,0.0004348776419647038,10.0,1.0,10.0
301.0,0.027755696326494217,0.027755696326494217,0.001977222738787532,0.003688274882733822,0.0004295191611163318,10.0,1.0,10.0
302.0,0.027566300705075264,0.027566300705075264,0.0019621681421995163,0.0037002316676080227,0.00042443873826414347,10.0,1.0,10.0
303.0,0.027384288609027863,0.027384288609027863,0.0019475803710520267,0.00371224875561893,0.00041962374234572053,10.0,1.0,10.0
304.0,0.02720942161977291,0.02720942161977291,0.0019334512762725353,0.003724269801750779,0.0004150638706050813,10.0,1.0,10.0
305.0,0.02704145945608616,0.02704145945608616,0.001919774804264307,0.003736235434189439,0.0004107476561330259,10.0,1.0,10.0
306.0,0.026880163699388504,0.026880163699388504,0.0019065422238782048,0.0037480955943465233,0.00040666470886208117,10.0,1.0,10.0
307.0,0.026725279167294502,0.026725279167294502,0.001893743290565908,0.003759800223633647,0.00040280469693243504,10.0,1.0,10.0
308.0,0.026576589792966843,0.026576589792966843,0.001881372183561325,0.0037712999619543552,0.00039915682282298803,10.0,1.0,10.0
309.0,0.026433847844600677,0.026433847844600677,0.0018694184254854918,0.0037825526669621468,0.0003957110457122326,10.0,1.0,10.0
310.0,0.026296786963939667,0.026296786963939667,0.0018578721210360527,0.0037935106083750725,0.0003924555203411728,10.0,1.0,10.0
311.0,0.026165226474404335,0.026165226474404335,0.0018467302434146404,0.0038041311781853437,0.0003893792745657265,10.0,1.0,10.0
312.0,0.02603893168270588,0.02603893168270588,0.0018359809182584286,0.0038143815472722054,0.00038647407200187445,10.0,1.0,10.0
313.0,0.02591767907142639,0.02591767907142639,0.0018256173934787512,0.0038242253940552473,0.0003837280673906207,10.0,1.0,10.0
314.0,0.025801224634051323,0.025801224634051323,0.0018156261648982763,0.003833632916212082,0.0003811329370364547,10.0,1.0,10.0
315.0,0.02568935975432396,0.02568935975432396,0.0018059981521219015,0.0038425803650170565,0.0003786795714404434,10.0,1.0,10.0
316.0,0.02558191679418087,0.02558191679418087,0.0017967292806133628,0.0038510384038090706,0.0003763585118576884,10.0,1.0,10.0
317.0,0.025478659197688103,0.025478659197688103,0.0017878070939332247,0.0038589853793382645,0.0003741603286471218,10.0,1.0,10.0
318.0,0.025379398837685585,0.025379398837685585,0.0017792244907468557,0.003866397077217698,0.0003720757376868278,10.0,1.0,10.0
319.0,0.025283921509981155,0.025283921509981155,0.0017709688981994987,0.0038732620887458324,0.0003700968809425831,10.0,1.0,10.0
320.0,0.025192080065608025,0.025192080065608025,0.001763035892508924,0.003879562485963106,0.00036821592948399484,10.0,1.0,10.0
321.0,0.02510366588830948,0.02510366588830948,0.0017554122023284435,0.0038852898869663477,0.0003664253163151443,10.0,1.0,10.0
322.0,0.02501855045557022,0.02501855045557022,0.0017480931710451841,0.0038904338143765926,0.00036471837665885687,10.0,1.0,10.0
323.0,0.02493651770055294,0.02493651770055294,0.0017410644795745611,0.003894988913089037,0.0003630884166341275,10.0,1.0,10.0
324.0,0.0248574186116457,0.0248574186116457,0.0017343203071504831,0.0038989458698779345,0.0003615269379224628,10.0,1.0,10.0
325.0,0.024781115353107452,0.024781115353107452,0.001727852737531066,0.0039023037534207106,0.0003600285272113979,10.0,1.0,10.0
326.0,0.02470748871564865,0.02470748871564865,0.0017216550186276436,0.0039050611667335033,0.00035858771298080683,10.0,1.0,10.0
327.0,0.024636320769786835,0.024636320769786835,0.0017157124821096659,0.0039072176441550255,0.0003571980050764978,10.0,1.0,10.0
328.0,0.024567564949393272,0.024567564949393272,0.0017100231489166617,0.003908779472112656,0.00035585538716986775,10.0,1.0,10.0
329.0,0.02450104057788849,0.02450104057788849,0.001704575028270483,0.00390974897891283,0.0003545540675986558,10.0,1.0,10.0
330.0,0.024436641484498978,0.024436641484498978,0.0016993597382679582,0.0039101336151361465,0.00035329104866832495,10.0,1.0,10.0
331.0,0.02437424659729004,0.02437424659729004,0.0016943712253123522,0.003909936640411615,0.00035205981112085283,10.0,1.0,10.0
332.0,0.02431376837193966,0.02431376837193966,0.0016896009910851717,0.003909170627593994,0.0003508588997647166,10.0,1.0,10.0
333.0,0.024255087599158287,0.024255087599158287,0.0016850423999130726,0.003907839301973581,0.00034968252293765545,10.0,1.0,10.0
334.0,0.02419809252023697,0.02419809252023697,0.0016806842759251595,0.0039059584960341454,0.00034852922544814646,10.0,1.0,10.0
335.0,0.02414272166788578,0.02414272166788578,0.0016765225445851684,0.0039035393856465816,0.00034739566035568714,10.0,1.0,10.0
336.0,0.024088852107524872,0.024088852107524872,0.0016725477762520313,0.0039005917496979237,0.00034627836430445313,10.0,1.0,10.0
337.0,0.024036455899477005,0.024036455899477005,0.0016687560128048062,0.0038971337489783764,0.00034517617314122617,10.0,1.0,10.0
338.0,0.023985395208001137,0.023985395208001137,0.0016651353798806667,0.0038931756280362606,0.0003440864966250956,10.0,1.0,10.0
339.0,0.023935647681355476,0.023935647681355476,0.0016616854118183255,0.003888731123879552,0.00034300616243854165,10.0,1.0,10.0
340.0,0.023887110874056816,0.023887110874056816,0.0016583948163315654,0.0038838176988065243,0.0003419345011934638,10.0,1.0,10.0
341.0,0.023839697241783142,0.023839697241783142,0.0016552549786865711,0.0038784511853009462,0.0003408697375562042,10.0,1.0,10.0
342.0,0.02379344403743744,0.02379344403743744,0.001652267761528492,0.00387265020981431,0.000339811755111441,10.0,1.0,10.0
343.0,0.023748209699988365,0.023748209699988365,0.0016494186129420996,0.0038664310704916716,0.00033875921508297324,10.0,1.0,10.0
344.0,0.02370396815240383,0.02370396815240383,0.0016467063687741756,0.0038598061073571444,0.00033770964364521205,10.0,1.0,10.0
345.0,0.023660659790039062,0.023660659790039062,0.001644124393351376,0.003852791851386428,0.00033666222589090466,10.0,1.0,10.0
346.0,0.02361825294792652,0.02361825294792652,0.0016416673315688968,0.0038454080931842327,0.00033561716554686427,10.0,1.0,10.0
347.0,0.02357669360935688,0.02357669360935688,0.0016393277328461409,0.003837675554677844,0.00033457408426329494,10.0,1.0,10.0
348.0,0.023535937070846558,0.023535937070846558,0.0016371008241549134,0.003829610301181674,0.0003335320216137916,10.0,1.0,10.0
349.0,0.02349596470594406,0.02349596470594406,0.001634982181712985,0.003821231424808502,0.0003324911813251674,10.0,1.0,10.0
350.0,0.023456763476133347,0.023456763476133347,0.0016329705249518156,0.0038125519640743732,0.0003314507193863392,10.0,1.0,10.0
351.0,0.02341822348535061,0.02341822348535061,0.001631054561585188,0.0038035865873098373,0.00033040906419046223,10.0,1.0,10.0
352.0,0.023380370810627937,0.023380370810627937,0.0016292338259518147,0.0037943562492728233,0.0003293676709290594,10.0,1.0,10.0
353.0,0.02334318868815899,0.02334318868815899,0.0016275040106847882,0.0037848809733986855,0.0003283268597442657,10.0,1.0,10.0
354.0,0.023306626826524734,0.023306626826524734,0.0016258584801107645,0.003775177290663123,0.0003272864851169288,10.0,1.0,10.0
355.0,0.023270657286047935,0.023270657286047935,0.001624292810447514,0.003765260800719261,0.000326246750773862,10.0,1.0,10.0
356.0,0.023235253989696503,0.023235253989696503,0.0016228038584813476,0.0037551471032202244,0.0003252067544963211,10.0,1.0,10.0
357.0,0.023200426250696182,0.023200426250696182,0.0016213920898735523,0.0037448490038514137,0.0003241657977923751,10.0,1.0,10.0
358.0,0.023166101425886154,0.023166101425886154,0.0016200465615838766,0.0037343837320804596,0.0003231251612305641,10.0,1.0,10.0
359.0,0.023132318630814552,0.023132318630814552,0.0016187700675800443,0.0037237678188830614,0.00032208487391471863,10.0,1.0,10.0
360.0,0.023099027574062347,0.023099027574062347,0.001617554808035493,0.003713018959388137,0.00032104612910188735,10.0,1.0,10.0
361.0,0.023066196590662003,0.023066196590662003,0.001616396475583315,0.0037021494936197996,0.0003200083738192916,10.0,1.0,10.0
362.0,0.023033827543258667,0.023033827543258667,0.0016152933239936829,0.0036911729257553816,0.00031897230655886233,10.0,1.0,10.0
363.0,0.02300192415714264,0.02300192415714264,0.0016142460517585278,0.0036800995003432035,0.0003179364721290767,10.0,1.0,10.0
364.0,0.02297046221792698,0.02297046221792698,0.0016132486052811146,0.003668946446850896,0.00031690296600572765,10.0,1.0,10.0
365.0,0.022939421236515045,0.022939421236515045,0.0016123000532388687,0.003657721681520343,0.00031587007106281817,10.0,1.0,10.0
366.0,0.0229087732732296,0.0229087732732296,0.0016113934107124805,0.003646442200988531,0.0003148397081531584,10.0,1.0,10.0
367.0,0.022878559306263924,0.022878559306263924,0.0016105318209156394,0.0036351196467876434,0.00031381205189973116,10.0,1.0,10.0
368.0,0.022848671302199364,0.022848671302199364,0.001609703409485519,0.003623764030635357,0.0003127874224446714,10.0,1.0,10.0
369.0,0.022819215431809425,0.022819215431809425,0.001608917023986578,0.003612385131418705,0.0003117660526186228,10.0,1.0,10.0
370.0,0.02279011905193329,0.02279011905193329,0.001608165679499507,0.0036009906325489283,0.00031074718572199345,10.0,1.0,10.0
371.0,0.022761354222893715,0.022761354222893715,0.001607444602996111,0.0035895919427275658,0.00030973166576586664,10.0,1.0,10.0
372.0,0.022732960060238838,0.022732960060238838,0.001606757054105401,0.0035781965125352144,0.0003087192017119378,10.0,1.0,10.0
373.0,0.02270490862429142,0.02270490862429142,0.001606097794137895,0.003566815983504057,0.00030771142337471247,10.0,1.0,10.0
374.0,0.022677170112729073,0.022677170112729073,0.0016054632142186165,0.003555458504706621,0.0003067080397158861,10.0,1.0,10.0
375.0,0.022649774327874184,0.022649774327874184,0.0016048545949161053,0.003544131526723504,0.00030570957460440695,10.0,1.0,10.0
376.0,0.02262268401682377,0.02262268401682377,0.001604269491508603,0.0035328406374901533,0.000304715009406209,10.0,1.0,10.0
377.0,0.022595923393964767,0.022595923393964767,0.0016037083696573973,0.003521587932482362,0.00030372512992471457,10.0,1.0,10.0
378.0,0.0225694440305233,0.0225694440305233,0.0016031651757657528,0.003510386450216174,0.0003027406637556851,10.0,1.0,10.0
379.0,0.02254323847591877,0.02254323847591877,0.001602638280019164,0.0034992387518286705,0.00030176175641827285,10.0,1.0,10.0
380.0,0.022517342120409012,0.022517342120409012,0.0016021303599700332,0.0034881525207310915,0.0003007884370163083,10.0,1.0,10.0
381.0,0.022491727024316788,0.022491727024316788,0.0016016389708966017,0.003477131947875023,0.0002998204727191478,10.0,1.0,10.0
382.0,0.022466406226158142,0.022466406226158142,0.0016011636471375823,0.0034661819227039814,0.00029885879484936595,10.0,1.0,10.0
383.0,0.022441338747739792,0.022441338747739792,0.0016007008962333202,0.00345530454069376,0.00029790247208438814,10.0,1.0,10.0
384.0,0.022416530176997185,0.022416530176997185,0.001600251067429781,0.003444503527134657,0.00029695170815102756,10.0,1.0,10.0
385.0,0.022391999140381813,0.022391999140381813,0.001599813811480999,0.0034337842371314764,0.00029600763809867203,10.0,1.0,10.0
386.0,0.02236771211028099,0.02236771211028099,0.0015993856359273195,0.003423151094466448,0.00029507046565413475,10.0,1.0,10.0
387.0,0.022343656048178673,0.022343656048178673,0.0015989651437848806,0.0034126057289540768,0.0002941397251561284,10.0,1.0,10.0
388.0,0.022319843992590904,0.022319843992590904,0.0015985551290214062,0.003402148373425007,0.00029321445617824793,10.0,1.0,10.0
389.0,0.022296303883194923,0.022296303883194923,0.0015981544274836779,0.003391787176951766,0.0002922972198575735,10.0,1.0,10.0
390.0,0.022272974252700806,0.022272974252700806,0.0015977593138813972,0.0033815200440585613,0.00029138606623746455,10.0,1.0,10.0
391.0,0.02224988490343094,0.02224988490343094,0.0015973721165210009,0.0033713500015437603,0.00029048146097920835,10.0,1.0,10.0
392.0,0.022226976230740547,0.022226976230740547,0.0015969870146363974,0.0033612765837460756,0.0002895827929023653,10.0,1.0,10.0
393.0,0.022204313427209854,0.022204313427209854,0.0015966091305017471,0.0033513044472783804,0.0002886916627176106,10.0,1.0,10.0
394.0,0.022181889042258263,0.022181889042258263,0.0015962382312864065,0.003341434057801962,0.00028780719731003046,10.0,1.0,10.0
395.0,0.022159643471240997,0.022159643471240997,0.0015958677977323532,0.0033316663466393948,0.0002869299496524036,10.0,1.0,10.0
396.0,0.022137627005577087,0.022137627005577087,0.0015955024864524603,0.003322003874927759,0.00028605991974473,10.0,1.0,10.0
397.0,0.02211579866707325,0.02211579866707325,0.0015951396198943257,0.0033124431502074003,0.00028519591432996094,10.0,1.0,10.0
398.0,0.02209421806037426,0.02209421806037426,0.0015947844367474318,0.0033029874321073294,0.00028433851548470557,10.0,1.0,10.0
399.0,0.022072777152061462,0.022072777152061462,0.001594427041709423,0.0032936360221356153,0.00028348719934001565,10.0,1.0,10.0
400.0,0.02205151505768299,0.02205151505768299,0.0015940688317641616,0.0032843919470906258,0.00028264359571039677,10.0,1.0,10.0
401.0,0.022030482068657875,0.022030482068657875,0.0015937162097543478,0.0032752524130046368,0.00028180668596178293,10.0,1.0,10.0
402.0,0.022009603679180145,0.022009603679180145,0.0015933613758534193,0.003266220912337303,0.00028097687754780054,10.0,1.0,10.0
403.0,0.02198895625770092,0.02198895625770092,0.0015930132940411568,0.0032572923228144646,0.00028015318093821406,10.0,1.0,10.0
404.0,0.021968450397253036,0.021968450397253036,0.0015926625346764922,0.0032484689727425575,0.0002793356543406844,10.0,1.0,10.0
405.0,0.02194810099899769,0.02194810099899769,0.0015923103783279657,0.0032397513277828693,0.0002785246178973466,10.0,1.0,10.0
406.0,0.02192794159054756,0.02192794159054756,0.001591961132362485,0.00323113682679832,0.0002777194604277611,10.0,1.0,10.0
407.0,0.021907974034547806,0.021907974034547806,0.0015916138654574752,0.0032226277980953455,0.000276920705800876,10.0,1.0,10.0
408.0,0.02188817225396633,0.02188817225396633,0.0015912659000605345,0.003214223776012659,0.00027612896519713104,10.0,1.0,10.0
409.0,0.0218685083091259,0.0218685083091259,0.001590915722772479,0.0032059215009212494,0.0002753429289441556,10.0,1.0,10.0
410.0,0.02184899151325226,0.02184899151325226,0.0015905634500086308,0.00319772120565176,0.00027456352836452425,10.0,1.0,10.0
411.0,0.02182966098189354,0.02182966098189354,0.0015902137383818626,0.0031896214932203293,0.00027379015227779746,10.0,1.0,10.0
412.0,0.02181047946214676,0.02181047946214676,0.001589863677509129,0.003181621665135026,0.0002730221312958747,10.0,1.0,10.0
413.0,0.02179143764078617,0.02179143764078617,0.001589511870406568,0.003173721954226494,0.00027225969824939966,10.0,1.0,10.0
414.0,0.021772542968392372,0.021772542968392372,0.001589158782735467,0.003165922360494733,0.0002715032023843378,10.0,1.0,10.0
415.0,0.021753812208771706,0.021753812208771706,0.0015888065099716187,0.003158220089972019,0.0002707528183236718,10.0,1.0,10.0
416.0,0.02173522114753723,0.02173522114753723,0.0015884533058851957,0.0031506135128438473,0.00027000735281035304,10.0,1.0,10.0
417.0,0.021716784685850143,0.021716784685850143,0.0015881001017987728,0.003143102629110217,0.0002692679991014302,10.0,1.0,10.0
418.0,0.021698465570807457,0.021698465570807457,0.0015877437544986606,0.003135686507448554,0.00026853414601646364,10.0,1.0,10.0
419.0,0.021680286154150963,0.021680286154150963,0.0015873871743679047,0.003128361888229847,0.00026780535699799657,10.0,1.0,10.0
420.0,0.021662261337041855,0.021662261337041855,0.0015870307106524706,0.0031211308669298887,0.0002670825051609427,10.0,1.0,10.0
421.0,0.021644355729222298,0.021644355729222298,0.0015866720350459218,0.003113989718258381,0.0002663644263520837,10.0,1.0,10.0
422.0,0.02162659354507923,0.02162659354507923,0.001586314756423235,0.003106937278062105,0.00026565100415609777,10.0,1.0,10.0
423.0,0.02160894125699997,0.02160894125699997,0.0015859545674175024,0.003099974012002349,0.00026494215126149356,10.0,1.0,10.0
424.0,0.021591443568468094,0.021591443568468094,0.0015855955425649881,0.0030931001529097557,0.0002642389736138284,10.0,1.0,10.0
425.0,0.021574057638645172,0.021574057638645172,0.001585235120728612,0.003086308017373085,0.00026353978319093585,10.0,1.0,10.0
426.0,0.02155677042901516,0.02155677042901516,0.0015848708571866155,0.0030796024948358536,0.0002628458896651864,10.0,1.0,10.0
427.0,0.021539639681577682,0.021539639681577682,0.0015845096204429865,0.00307297776453197,0.00026215676916763186,10.0,1.0,10.0
428.0,0.021522607654333115,0.021522607654333115,0.0015841452404856682,0.003066436154767871,0.00026147207245230675,10.0,1.0,10.0
429.0,0.021505722776055336,0.021505722776055336,0.0015837822575122118,0.0030599767342209816,0.00026079246890731156,10.0,1.0,10.0
430.0,0.021488945931196213,0.021488945931196213,0.0015834174118936062,0.00305359810590744,0.00026011726004071534,10.0,1.0,10.0
431.0,0.021472256630659103,0.021472256630659103,0.0015830505872145295,0.00304729538038373,0.0002594455436337739,10.0,1.0,10.0
432.0,0.021455731242895126,0.021455731242895126,0.0015826879534870386,0.0030410687904804945,0.00025877830921672285,10.0,1.0,10.0
433.0,0.021439282223582268,0.021439282223582268,0.0015823208959773183,0.003034919034689665,0.000258115294855088,10.0,1.0,10.0
434.0,0.021422920748591423,0.021422920748591423,0.0015819509280845523,0.0030288451816886663,0.00025745664606802166,10.0,1.0,10.0
435.0,0.021406693384051323,0.021406693384051323,0.001581583172082901,0.0030228442046791315,0.0002568017225712538,10.0,1.0,10.0
436.0,0.02139059267938137,0.02139059267938137,0.0015812176279723644,0.003016913076862693,0.0002561502915341407,10.0,1.0,10.0
437.0,0.021374577656388283,0.021374577656388283,0.001580848591402173,0.003011054825037718,0.00025550374994054437,10.0,1.0,10.0
438.0,0.021358665078878403,0.021358665078878403,0.0015804789727553725,0.0030052661895751953,0.0002548607881180942,10.0,1.0,10.0
439.0,0.021342843770980835,0.021342843770980835,0.001580108073540032,0.002999546006321907,0.0002542216971050948,10.0,1.0,10.0
440.0,0.021327149122953415,0.021327149122953415,0.0015797403175383806,0.002993891015648842,0.0002535856328904629,10.0,1.0,10.0
441.0,0.021311532706022263,0.021311532706022263,0.00157936941832304,0.0029883054085075855,0.0002529533812776208,10.0,1.0,10.0
442.0,0.021296050399541855,0.021296050399541855,0.0015790013130754232,0.0029827854596078396,0.0002523251168895513,10.0,1.0,10.0
443.0,0.021280650049448013,0.021280650049448013,0.001578631578013301,0.0029773302376270294,0.0002517002576496452,10.0,1.0,10.0
444.0,0.021265346556901932,0.021265346556901932,0.0015782618429511786,0.002971936948597431,0.0002510789781808853,10.0,1.0,10.0
445.0,0.021250125020742416,0.021250125020742416,0.0015778918750584126,0.0029666039627045393,0.0002504604635760188,10.0,1.0,10.0
446.0,0.021235007792711258,0.021235007792711258,0.0015775230713188648,0.0029613301157951355,0.0002498447720427066,10.0,1.0,10.0
447.0,0.021220002323389053,0.021220002323389053,0.0015771547332406044,0.0029561191331595182,0.00024923370801843703,10.0,1.0,10.0
448.0,0.021205056458711624,0.021205056458711624,0.0015767836011946201,0.0029509689193218946,0.000248625292442739,10.0,1.0,10.0
449.0,0.021190237253904343,0.021190237253904343,0.0015764147974550724,0.002945877378806472,0.00024802135885693133,10.0,1.0,10.0
450.0,0.021175477653741837,0.021175477653741837,0.001576044363901019,0.0029408419504761696,0.0002474192879162729,10.0,1.0,10.0
451.0,0.021160800009965897,0.021160800009965897,0.0015756741631776094,0.0029358593747019768,0.0002468198072165251,10.0,1.0,10.0
452.0,0.021146250888705254,0.021146250888705254,0.0015753083862364292,0.002930933143943548,0.00024622338241897523,10.0,1.0,10.0
453.0,0.021131793037056923,0.021131793037056923,0.0015749422600492835,0.0029260627925395966,0.00024563074111938477,10.0,1.0,10.0
454.0,0.021117372438311577,0.021117372438311577,0.001574571244418621,0.0029212473891675472,0.0002450412430334836,10.0,1.0,10.0
455.0,0.02110307104885578,0.02110307104885578,0.0015742045361548662,0.002916483674198389,0.00024445433518849313,10.0,1.0,10.0
456.0,0.021088838577270508,0.021088838577270508,0.0015738357324153185,0.0029117721132934093,0.0002438709925627336,10.0,1.0,10.0
457.0,0.021074708551168442,0.021074708551168442,0.0015734704211354256,0.002907110145315528,0.00024328933795914054,10.0,1.0,10.0
458.0,0.021060645580291748,0.021060645580291748,0.001573103480041027,0.002902498934417963,0.00024271119036711752,10.0,1.0,10.0
459.0,0.02104666642844677,0.02104666642844677,0.0015727381687611341,0.002897936385124922,0.00024213481810875237,10.0,1.0,10.0
460.0,0.021032778546214104,0.021032778546214104,0.0015723737888038158,0.002893423195928335,0.00024156155996024609,10.0,1.0,10.0
461.0,0.02101896144449711,0.02101896144449711,0.0015720091760158539,0.002888958901166916,0.0002409911248832941,10.0,1.0,10.0
462.0,0.021005230024456978,0.021005230024456978,0.0015716452617198229,0.0028845418710261583,0.00024042346922215074,10.0,1.0,10.0
463.0,0.020991578698158264,0.020991578698158264,0.00157128123100847,0.0028801728039979935,0.00023985932057257742,10.0,1.0,10.0
464.0,0.020978011190891266,0.020978011190891266,0.001570919994264841,0.002875846577808261,0.00023929656890686601,10.0,1.0,10.0
465.0,0.020964492112398148,0.020964492112398148,0.0015705556143075228,0.002871565520763397,0.0002387369895586744,10.0,1.0,10.0
466.0,0.020951082929968834,0.020951082929968834,0.0015701958909630775,0.0028673294000327587,0.00023817940382286906,10.0,1.0,10.0
467.0,0.020937763154506683,0.020937763154506683,0.0015698375646024942,0.0028631396126002073,0.00023762490309309214,10.0,1.0,10.0
468.0,0.020924484357237816,0.020924484357237816,0.0015694763278588653,0.002858992898836732,0.00023707283253315836,10.0,1.0,10.0
469.0,0.020911261439323425,0.020911261439323425,0.001569114625453949,0.0028548878617584705,0.0002365227264817804,10.0,1.0,10.0
470.0,0.020898154005408287,0.020898154005408287,0.0015687578124925494,0.0028508242685347795,0.0002359752106713131,10.0,1.0,10.0
471.0,0.020885106176137924,0.020885106176137924,0.0015683991368860006,0.0028468044474720955,0.00023543093993794173,10.0,1.0,10.0
472.0,0.02087213099002838,0.02087213099002838,0.0015680420910939574,0.002842823276296258,0.0002348885900573805,10.0,1.0,10.0
473.0,0.020859237760305405,0.020859237760305405,0.0015676870243623853,0.002838882151991129,0.00023434855393134058,10.0,1.0,10.0
474.0,0.0208464153110981,0.0208464153110981,0.0015673318412154913,0.002834982704371214,0.00023381129722110927,10.0,1.0,10.0
475.0,0.02083364501595497,0.02083364501595497,0.0015669756103307009,0.002831123536452651,0.0002332765143364668,10.0,1.0,10.0
476.0,0.020820943638682365,0.020820943638682365,0.001566621009260416,0.00282730208709836,0.00023274323029909283,10.0,1.0,10.0
477.0,0.020808324217796326,0.020808324217796326,0.001566269202157855,0.0028235174249857664,0.00023221151786856353,10.0,1.0,10.0
478.0,0.020795760676264763,0.020795760676264763,0.0015659155324101448,0.0028197728097438812,0.00023168325424194336,10.0,1.0,10.0
479.0,0.02078329212963581,0.02078329212963581,0.0015655651222914457,0.0028160663787275553,0.00023115742078516632,10.0,1.0,10.0
480.0,0.02077086642384529,0.02077086642384529,0.001565213082358241,0.0028123962692916393,0.00023063391563482583,10.0,1.0,10.0
481.0,0.020758528262376785,0.020758528262376785,0.0015648638363927603,0.002808762015774846,0.00023011276789475232,10.0,1.0,10.0
482.0,0.020746242254972458,0.020746242254972458,0.0015645148232579231,0.002805163385346532,0.00022959307534620166,10.0,1.0,10.0
483.0,0.020734034478664398,0.020734034478664398,0.0015641662757843733,0.002801602240651846,0.00022907680249772966,10.0,1.0,10.0
484.0,0.020721880719065666,0.020721880719065666,0.001563818659633398,0.002798076020553708,0.00022856170835439116,10.0,1.0,10.0
485.0,0.020709818229079247,0.020709818229079247,0.0015634737210348248,0.002794586354866624,0.00022804942273069173,10.0,1.0,10.0
486.0,0.020697791129350662,0.020697791129350662,0.0015631273854523897,0.0027911290526390076,0.00022753895609639585,10.0,1.0,10.0
487.0,0.0206858329474926,0.0206858329474926,0.0015627823304384947,0.0027877059765160084,0.00022703030845150352,10.0,1.0,10.0
488.0,0.02067391946911812,0.02067391946911812,0.0015624361112713814,0.0027843168936669827,0.00022652400366496295,10.0,1.0,10.0
489.0,0.020662125200033188,0.020662125200033188,0.0015620952472090721,0.0027809636667370796,0.00022602081298828125,10.0,1.0,10.0
490.0,0.02065032534301281,0.02065032534301281,0.0015617492608726025,0.002777642570436001,0.0002255189756397158,10.0,1.0,10.0
491.0,0.02063860557973385,0.02063860557973385,0.001561405137181282,0.002774355234578252,0.00022501990315504372,10.0,1.0,10.0
492.0,0.020626964047551155,0.020626964047551155,0.0015610636910423636,0.002771100029349327,0.00022452266421169043,10.0,1.0,10.0
493.0,0.020615380257368088,0.020615380257368088,0.0015607227105647326,0.0027678762562572956,0.0002240277244709432,10.0,1.0,10.0
494.0,0.020603889599442482,0.020603889599442482,0.0015603863866999745,0.0027646836824715137,0.00022353423992171884,10.0,1.0,10.0
495.0,0.020592419430613518,0.020592419430613518,0.0015600461047142744,0.0027615241706371307,0.0002230433456134051,10.0,1.0,10.0
496.0,0.020581021904945374,0.020581021904945374,0.0015597082674503326,0.0027583944611251354,0.00022255450312513858,10.0,1.0,10.0
497.0,0.02056967280805111,0.02056967280805111,0.001559369615279138,0.0027552987448871136,0.00022206775611266494,10.0,1.0,10.0
498.0,0.02055838517844677,0.02055838517844677,0.00155903201084584,0.0027522335294634104,0.00022158300271257758,10.0,1.0,10.0
499.0,0.020547181367874146,0.020547181367874146,0.0015586980152875185,0.0027491978835314512,0.0002211003447882831,10.0,1.0,10.0
500.0,0.02053600363433361,0.02053600363433361,0.0015583618078380823,0.0027461922727525234,0.00022061940398998559,10.0,1.0,10.0
